(i, freq[i]): 0 1
(i, freq[i]): 1 61
(i, freq[i]): 3 6
(i, freq[i]): 4 16
(i, freq[i]): 5 3
(i, freq[i]): 7 2
(i, freq[i]): 12 2
(i, freq[i]): 16 5
(i, freq[i]): 27 3
(i, freq[i]): 64 1


(hist): {1, 1, 1, 1, 1, 1, 1, 1, 1, 1, 1, 1, 1, 1, 1, 1, 1, 1, 1, 1, 1, 1, 1, 1, 1, 1, 1, 1, 1, 1, 1, 1, 1, 1, 1, 1, 1, 1, 1, 1, 1, 1, 1, 1, 1, 1, 1, 1, 1, 1, 1, 1, 1, 1, 1, 1, 1, 1, 1, 1, 1, 3, 3, 3, 3, 3, 3, 4, 4, 4, 4, 4, 4, 4, 4, 4, 4, 4, 4, 4, 4, 4, 4, 5, 5, 5, 7, 7, 12, 12, 16, 16, 16, 16, 16, 27, 27, 27, 64}
