156 196
328 0
628 0
730 251
405 0
940 39
26 0
642 251
684 0
235 614
914 0
823 0
893 367
627 0
1 823
197 2
560 533
301 308
157 0
253 724
253 185
609 152
923 412
753 0
284 0
581 304
890 0
103 0
401 0
920 160
109 0
568 305
460 923
0 638
490 0
46 5
367 0
800 994
488 0
519 176
488 620
120 541
119 472
509 810
665 0
731 0
78 362
847 132
849 0
247 741
157 0
164 264
223 105
581 0
889 0
575 842
156 235
704 0
789 908
695 0
181 741
139 0
202 78
64 497
799 0
37 0
324 448
562 0
354 0
368 381
102 412
536 0
858 454
986 741
333 0
915 0
548 946
345 0
904 0
591 440
141 0
47 0
694 741
372 0
800 892
926 0
556 826
598 855
788 464
211 0
694 0
789 112
4 567
956 435
745 608
530 0
301 0
147 274
426 571
532 353
266 298
139 3
442 890
560 40
63 0
458 0
885 50
466 0
519 103
52 0
611 426
600 925
986 0
152 0
372 0
571 0
667 498
996 0
291 0
704 845
850 938
614 0
45 0
564 102
353 0
64 0
627 0
904 0
705 112
2 421
232 199
411 0
976 72
163 0
634 633
802 0
798 0
277 135
395 0
208 0
783 470
783 0
865 847
556 844
923 161
949 0
227 0
564 0
611 225
633 251
6 774
742 535
672 149
629 0
134 802
98 659
132 584
247 458
985 0
410 0
705 158
289 0
87 324
134 0
1 844
891 741
415 0
614 0
701 0
128 0
934 0
944 0
154 0
992 622
926 0
889 792
374 0
261 506
725 760
148 0
947 320
440 0
885 659
701 938
118 968
837 0
426 0
646 0
692 0
230 0
886 367
618 572
940 0
642 0
125 579
865 5
157 234
577 0
353 364
997 0
757 0
940 444
783 398
865 0
766 0
652 0
255 324
808 0
451 504
527 588
264 994
383 0
788 0
530 844
57 166
684 570
577 0
302 0
345 599
455 0
993 0
936 301
645 167
252 0
877 693
278 968
521 0
340 720
1 135
827 936
930 0
378 155
77 0
415 7
157 921
856 0
284 421
840 0
27 253
451 565
819 0
630 364
373 0
577 0
699 0
269 0
848 994
97 1
67 0
99 924
370 179
716 869
250 261
914 0
468 590
176 2
11 429
261 0
847 888
255 0
16 0
654 296
979 0
933 0
155 921
73 0
580 135
14 0
55 983
707 0
609 0
354 0
621 0
202 493
401 0
575 0
145 0
991 0
521 507
228 0
1002 0
168 0
466 199
411 0
852 0
656 0
115 311
367 0
120 0
609 537
847 0
875 0
118 0
329 0
875 0
46 716
695 0
405 985
889 949
724 924
55 261
401 0
323 0
1001 218
890 0
225 792
79 0
798 86
969 0
537 2
682 716
545 620
141 34
650 0
562 0
119 0
318 95
11 0
496 295
767 21
177 0
488 301
576 0
884 901
302 316
896 857
969 0
177 588
348 981
789 496
470 0
29 472
181 0
374 0
688 0
458 0
26 390
734 0
367 0
368 558
949 0
112 905
120 834
190 153
733 937
22 0
167 0
731 316
985 362
464 0
109 0
287 308
856 0
124 0
191 461
967 0
100 432
822 0
819 117
340 0
539 0
148 0
199 755
264 989
183 441
289 0
176 0
532 0
240 0
614 186
596 0
326 548
463 665
175 953
882 0
560 0
656 0
496 826
972 736
687 0
853 292
190 0
123 0
19 399
700 869
147 0
480 316
821 714
490 0
724 0
27 746
99 0
559 694
324 789
846 0
926 0
875 0
992 728
988 0
466 167
920 0
687 421
145 0
931 602
1 926
631 0
518 898
783 508
274 0
466 0
477 0
327 0
473 0
252 0
176 0
349 0
46 140
827 39
506 0
600 810
693 175
154 106
808 0
11 260
176 451
336 310
352 0
198 476
827 0
416 0
264 855
82 0
757 0
154 440
692 855
211 0
162 606
985 537
996 0
997 424
812 0
436 311
223 161
90 0
705 616
947 0
596 969
154 613
976 362
55 0
850 498
812 0
14 0
786 506
106 505
619 741
123 0
253 0
613 0
232 921
579 158
16 50
64 36
497 729
348 421
1002 0
64 0
997 234
148 0
208 199
630 652
487 251
47 904
882 399
976 0
885 603
827 0
629 264
822 606
148 0
618 0
207 0
923 0
663 0
967 285
865 0
368 0
558 0
537 0
536 0
324 305
319 300
18 0
142 0
240 0
530 0
461 613
380 901
85 511
885 606
786 0
757 0
488 0
177 0
893 0
793 0
18 2
414 0
190 0
933 854
122 21
190 628
738 0
684 509
669 0
833 396
596 126
314 663
415 0
164 0
758 301
37 0
47 252
496 933
731 0
744 942
999 0
470 0
274 0
805 0
275 0
934 0
886 0
359 820
786 266
910 0
598 105
24 658
269 0
911 0
642 867
619 0
312 0
699 0
121 342
846 0
992 0
805 0
1 0
121 0
128 0
175 892
979 404
682 358
454 797
521 0
444 0
198 688
692 0
235 0
197 0
789 86
563 831
649 736
795 699
271 0
468 0
47 0
463 0
701 967
141 48
301 491
773 924
795 0
639 0
607 904
744 717
426 0
882 792
354 0
7 0
744 0
761 0
270 953
642 571
278 855
123 21
307 0
141 528
345 381
126 0
927 311
875 869
120 0
250 0
275 0
239 693
271 595
505 936
7 741
155 316
369 994
632 0
227 0
730 276
64 428
663 253
930 0
809 370
733 802
996 0
262 793
816 339
129 78
833 697
1002 0
423 142
63 807
868 0
530 0
915 0
370 64
927 373
470 225
850 0
87 0
86 784
112 0
300 0
654 0
632 890
992 225
797 316
545 0
634 308
380 0
920 0
27 0
343 989
169 0
581 292
162 0
800 381
808 792
327 741
134 924
228 70
223 471
264 0
316 295
370 0
704 0
228 295
687 383
867 0
295 0
852 776
799 844
46 565
336 178
429 890
848 586
624 0
477 0
926 140
562 0
544 0
618 0
813 0
789 0
277 0
405 0
920 106
607 652
52 538
533 882
840 0
927 757
646 342
411 0
724 716
78 320
865 0
544 0
319 0
718 924
819 853
833 520
634 865
109 0
73 0
840 0
821 944
69 0
118 0
228 0
935 687
947 0
920 0
974 541
291 17
732 0
407 504
378 0
853 713
71 0
324 548
67 0
294 311
159 852
813 0
43 0
470 0
880 0
883 0
106 0
450 850
718 135
642 905
805 588
416 1
275 0
401 7
733 180
312 981
693 0
125 773
684 538
895 0
992 0
1001 0
296 196
686 0
185 185
968 565
991 586
461 0
569 347
115 925
43 797
167 0
359 72
821 313
628 588
979 0
287 0
458 0
744 102
506 504
823 320
427 0
248 264
169 70
111 0
675 0
416 0
29 658
510 234
124 281
396 857
800 0
654 572
636 0
790 0
120 181
326 0
413 888
370 0
558 210
176 0
466 404
19 448
823 294
969 0
947 0
183 0
629 786
672 1005
559 0
230 0
786 784
518 793
716 295
594 3
277 0
920 816
882 717
79 0
162 779
920 0
849 0
301 0
617 508
47 177
473 603
745 0
730 978
510 952
727 0
102 0
992 0
148 64
786 281
440 989
301 0
236 0
609 0
594 15
429 792
31 531
776 0
808 256
157 533
789 2
856 0
726 921
621 34
699 292
936 855
755 0
372 0
890 0
269 936
639 692
60 274
441 0
176 802
940 0
790 220
797 0
988 508
569 0
933 0
875 567
667 0
295 40
694 268
336 0
999 0
754 779
125 0
875 0
15 0
388 0
800 692
319 0
468 0
181 0
644 470
733 573
627 603
934 0
248 471
909 0
789 0
463 0
6 0
464 0
797 531
533 0
618 0
1008 0
634 0
805 0
575 0
545 937
997 0
378 535
742 313
894 502
46 158
2 0
819 658
440 716
133 0
508 850
699 179
214 868
940 976
95 0
85 353
918 0
473 0
147 0
264 0
667 0
329 0
287 17
840 716
248 921
278 847
986 755
947 888
248 326
134 0
877 0
236 936
354 630
793 21
594 135
719 0
319 831
162 700
531 48
654 740
235 0
473 149
580 0
328 0
159 0
243 0
250 567
853 0
228 602
115 0
482 537
758 140
123 0
421 198
24 0
695 0
167 855
461 0
930 933
635 298
752 0
381 535
994 694
850 27
884 0
117 779
45 0
131 947
568 313
24 651
725 0
168 234
238 0
340 0
598 0
639 586
106 933
132 0
440 783
112 390
477 586
295 0
996 382
979 396
644 935
327 0
214 297
141 235
683 295
862 269
705 0
627 0
536 187
319 0
686 470
77 0
423 0
441 274
232 167
617 0
372 0
705 274
719 0
775 0
148 570
247 0
67 220
992 707
330 371
270 251
715 0
64 0
440 225
993 256
789 234
269 994
340 103
270 535
380 724
767 642
501 717
650 0
536 0
131 181
26 570
800 0
247 151
466 0
107 0
773 665
98 755
381 0
639 0
53 0
351 0
261235
