477 281
875 339
14 0
823 0
217 399
852 444
326 0
682 0
92 0
291 612
92 0
639 659
776 371
591 0
300 81
613 241
994 699
562 0
129 0
60 0
607 0
868 371
374 0
284 0
891 694
719 416
145 887
635 0
742 0
369 0
131 0
767 651
823 493
979 0
307 0
727 283
635 0
790 699
451 708
87 97
896 428
646 0
181 339
248 0
558 0
368 357
846 746
73 573
197 0
284 0
141 655
63 840
373 926
600 1000
353 72
596 448
974 760
904 373
490 528
474 0
225 953
613 0
571 0
744 0
564 760
669 0
460 520
91 0
539 0
865 0
352 0
934 285
725 0
560 0
758 290
633 665
703 0
26 0
274 26
440 0
128 586
302 0
29 0
889 0
619 0
407 0
157 567
468 0
199 0
373 0
126 633
168 0
109 0
715 606
636 27
745 381
164 0
951 158
473 274
993 0
588 0
497 0
109 0
47 153
91 887
100 0
111 789
669 0
944 0
752 0
621 0
465 297
77 807
349 0
976 199
442 311
444 0
123 0
544 0
687 895
758 0
718 586
349 944
609 0
594 606
761 588
505 0
183 0
267 0
109 426
414 0
635 0
996 0
370 692
802 856
703 0
372 0
122 0
853 0
6 398
181 326
253 0
201 0
985 663
891 241
547 0
152 0
532 225
529 0
85 743
370 766
812 0
163 424
11 0
577 0
388 3
619 0
287 0
190 729
417 716
477 0
742 292
172 603
695 936
700 740
940 0
209 0
329 0
823 709
120 0
77 0
775 0
289 132
47 0
395 0
232 0
235 81
340 0
1002 0
667 882
999 0
56 177
302 0
45 7
846 0
67 0
113 75
642 0
106 0
889 573
672 508
183 116
692 0
474 82
716 0
858 0
613 0
369 491
312 586
302 276
885 0
112 0
349 874
563 0
464 252
849 0
675 308
462 273
475 158
510 0
707 441
24 381
1001 0
781 0
527 0
386 268
207 694
266 0
162 0
684 565
808 840
102 0
413 36
326 415
850 0
525 508
909 612
46 0
87 0
895 0
454 153
805 0
354 383
223 256
118 0
639 603
974 0
997 0
904 0
823 0
139 921
370 545
753 0
154 810
326 0
781 0
351 26
912 0
949 760
591 142
742 0
652 816
654 0
1008 172
217 253
345 509
718 0
477 353
278 424
295 0
327 852
67 0
956 595
639 628
801 0
377 348
672 0
175 0
719 210
176 0
352 481
172 0
707 0
575 925
767 0
367 0
862 0
733 253
302 0
0 0
598 160
106 353
560 0
201 0
986 0
121 867
564 0
767 888
199 308
911 0
136 0
330 890
621 826
758 937
652 901
236 967
462 994
380 789
598 0
139 0
539 822
891 0
726 0
853 451
274 528
619 0
82 0
795 0
367 0
631 304
139 665
287 502
137 697
455 310
994 603
264 0
314 655
416 0
809 264
167 260
933 572
398 0
102 892
836 855
634 0
462 855
291 573
250 0
155 106
154 0
753 717
635 0
672 0
90 665
577 897
695 0
734 381
914 0
15 0
596 898
940 0
961 443
889 537
962 0
755 0
525 936
488 855
53 0
718 166
596 844
141 300
809 117
381 305
649 975
618 167
488 0
775 931
239 897
397 0
22 802
436 316
699 901
125 179
529 655
985 0
979 155
198 697
183 0
463 0
177 0
614 855
646 0
401 0
559 586
199 273
963 901
417 0
609 0
197 520
440 869
724 856
544 944
890 0
155 0
197 383
156 901
16 786
373 0
348 638
731 0
979 570
56 0
430 0
961 0
378 2
143 923
100 0
137 0
883 903
426 273
731 0
656 0
147 0
240 0
568 0
40 234
972 0
911 0
556 0
716 0
501 225
301 792
455 0
877 0
383 161
112 741
726 0
264 505
142 0
85 373
326 0
168 743
581 338
745 0
840 27
240 429
821 0
705 308
624 602
327 0
624 0
18 0
934 464
326 0
115 126
701 290
380 241
319 0
996 0
631 387
115 0
129 0
663 954
227 0
798 0
397 387
734 112
944 921
927 0
559 385
426 0
269 0
827 0
545 746
502 387
470 362
962 564
141 0
937 826
378 0
379 34
773 448
527 0
243 564
243 27
1001 0
378 0
176 470
744 0
951 48
328 0
631 0
415 0
118 0
994 892
701 586
530 0
78 0
113 0
262 0
86 0
181 0
264 117
7 0
701 882
576 700
521 185
47 166
69 0
372 0
510 903
302 707
284 0
477 0
563 310
95 716
912 0
217 0
963 50
904 0
421 0
846 117
849 944
731 0
509 760
314 0
250 533
287 0
559 0
968 0
128 976
475 158
731 0
155 0
962 0
113 926
886 994
407 0
927 0
667 0
430 0
414 67
724 0
813 181
90 0
596 0
183 0
316 936
296 0
194 643
109 447
87 649
107 0
568 0
538 0
441 0
102 921
115 0
332 0
853 357
102 383
727 822
142 0
949 268
974 651
663 0
630 0
147 0
949 686
191 0
111 869
693 537
999 17
936 643
865 0
570 823
132 783
506 102
451 0
470 0
318 0
544 681
836 624
560 274
840 0
330 0
214 102
91 0
43 0
0 0
501 0
646 912
47 0
545 27
776 0
560 746
137 794
497 0
474 0
914 0
575 0
278 0
135 39
936 0
972 0
31 432
731 0
454 755
211 36
201 648
718 579
474 724
26 0
633 0
340 0
645 735
701 178
127 0
915 648
530 0
742 373
67 608
98 0
974 140
291 0
127 0
570 0
945 509
102 571
214 0
570 0
579 0
611 0
920 503
529 0
745 586
56 737
18 181
699 0
797 0
654 0
228 70
488 686
762 0
427 0
699 0
629 0
761 978
97 158
214 0
682 0
426 859
695 0
527 572
82 590
253 0
527 0
665 0
326 40
611 407
185 0
169 935
775 0
758 0
225 925
63 52
619 856
909 777
614 0
148 0
441 681
886 266
732 39
548 0
373 112
336 0
211 656
444 0
580 149
531 0
986 0
248 670
416 273
55 395
137 1
0 116
121 0
862 503
157 0
521 882
250 0
944 968
505 0
834 0
26 0
568 0
458 844
183 381
441 0
15 0
405 0
979 0
695 274
703 190
55 472
783 0
6 190
885 0
911 0
688 511
78 0
650 0
407 624
349 383
2 949
291 314
564 0
694 0
475 0
377 591
152 64
490 295
314 190
856 0
314 0
444 0
672 0
730 300
43 2
250 0
398 857
447 0
330 0
373 904
788 952
414 0
488 1
856 0
413 0
939 0
915 181
757 929
155 0
937 520
805 786
837 347
652 0
451 0
644 652
939 0
619 0
248 316
40 571
910 638
644 0
120 0
240 256
773 0
521 599
848 643
703 0
118 0
927 0
24 773
103 0
833 505
128 172
318 0
883 567
931 0
700 0
885 989
802 444
130 0
882 0
225 947
891 0
351 0
937 0
455 67
301 0
401 0
296 68
767 367
464 0
511 0
423 348
633 52
202 0
893 0
201 0
727 0
368 780
848 0
323 0
147 0
236 0
47 0
646 0
875 820
636 0
1008 264
930 797
591 0
207 0
650 357
890 0
837 0
248 0
300 276
52 855
29 0
85 870
414 983
318 0
398 70
742 0
401 0
571 210
889 0
187 787
790 185
465 0
501 0
235 0
558 0
407 845
738 0
78 0
974 537
92 588
112 1
731 0
996 0
378 387
109 0
767 823
109 912
340 0
126 0
530 572
710 983
912 0
133 890
130 0
734 185
327 0
652 746
882 0
6 714
803 86
125 802
776 0
230 0
923 241
107 670
134 0
652 82
333 116
410 663
937 623
464 565
190 0
164 665
976 70
719 0
614 493
131 0
294 0
26 0
46 0
866 776
223 0
1 0
823 22
684 48
693 125
568 0
556 504
834 308
536 263
319 630
477 0
329 0
726 0
55 0
202 0
912 177
856 898
468 658
895 252
124 620
15 0
103 0
809 493
64 316
496 845
79 816
692 642
527 0
800 0
367 729
609 0
719 0
86 789
632 152
169 807
502 663
733 533
243 890
490 0
152 326
621 0
329 853
934 0
628 0
123 448
730 582
444 0
937 0
60 567
727 905
790 276
18 0
569 0
926 0
693 367
619 0
343 264
14 0
287 0
762 155
159 586
836 0
744 749
935 570
893 0
1 779
465 261
846 480
415 608
890 717
972 0
330 0
444 0
823 3
55 193
176 0
67 0
509 533
187 0
427 218
614 0
312 757
891 0
531 0
511 26
198 0
324 264
985 445
417 0
816 0
370 565
675 603
988 975
172 0
126 802
822 2
487 658
117 794
190 2
963 95
181 172
850 0
275 850
372 292
506 557
214 158
705 707
994 280
988 603
868 743
997 857
316 274
628 0
430 78
156 729
172 0
185 0
15 0
758 0
211 311
314 728
211 0
649 0
264 0
742 0
247 0
556 0
624 0
672 0
730 0
397 0
716 0
695 0
939 68
31 0
940 533
976 0
128 760
69 643
808 0
918 0
413 967
976 0
16 371
646 789
248 15
858 0
833 0
262637
