8
0 28 3
8 49 34
31 33 39
16 40 11
3 47 17
0 24 25
0 34 40
10 40 7
5
0 11 33
3 7 39
6 10 15
10 11 35
10 3 9
6
0 28 8
1 23 4
21 24 25
6 21 5
13 14 4
10 28 20
10
0 22 26
16 42 42
11 17 15
1 30 31
41 52 11
18 25 22
16 32 38
4 51 48
45 52 4
10 49 5
5
0 15 27
5 17 32
9 14 49
7 16 1
10 10 30
9
0 15 37
1 13 37
21 25 29
16 28 16
12 19 1
5 9 13
17 27 34
14 36 26
10 35 3
5
0 6 19
2 29 48
19 24 13
14 17 20
10 20 34
5
0 55 32
61 87 3
27 35 6
45 85 41
10 77 48
10
0 62 41
16 57 50
2 56 23
19 50 10
11 56 19
32 39 1
1 62 19
6 17 12
14 38 34
10 56 32
6
0 10 47
22 61 30
6 33 42
63 64 49
7 30 28
10 71 38
6
0 14 43
1 30 32
31 44 47
2 27 12
11 19 40
10 43 21
9
0 10 2
38 44 9
13 30 17
39 52 29
16 36 45
4 25 32
33 65 42
28 39 44
10 57 24
8
0 1 47
44 48 37
25 46 29
28 42 13
5 63 35
9 41 14
1 52 2
10 53 9
7
0 21 29
3 11 33
19 31 9
0 29 48
10 14 16
21 29 50
10 32 11
9
0 1 1
6 17 45
1 16 37
15 21 23
1 35 29
6 37 46
36 37 21
0 10 10
10 30 16
9
0 2 36
7 9 4
1 7 42
2 9 37
0 7 12
2 3 50
0 2 30
5 7 8
10 1 27
10
0 24 27
12 93 48
69 87 43
13 45 43
20 71 13
22 85 45
17 75 1
26 30 23
67 86 10
10 83 40
7
0 27 29
6 12 42
15 34 32
14 35 6
25 46 12
16 27 44
10 47 29
5
0 76 38
23 47 37
81 83 48
28 31 3
10 86 18
8
0 3 41
4 5 8
10 12 33
0 9 4
5 14 7
8 18 41
2 28 34
10 18 30
